15485867 15407546 9495395 1494114 1394306 15485927
16313537 1487944 9200447 5415236 14684920 16311013
17144507 14394724 16131514 3574042 2125176 17147657
17977307 7313548 2957056 1299009 2945574 17973169
18815249 16016161 4450629 3998632 3556459 18808949
19655021 17933128 11607644 7976846 12279994 19660909
20495861 10573893 6266600 6791154 8610983 20492273
21338617 8143026 1700722 6948372 8220061 21335261
22182379 14879666 5949962 17661670 6628716 22183969
23029403 17759827 11262064 14850692 7352734 23020939
23879539 23024791 19069505 11121397 14935022 23872699
24727253 21503734 297108 9085893 6499608 24721183
25582163 24031 23026374 8231930 16774870 25581419
26434937 2254152 8822394 18626054 458602 26435767
27290311 19741247 5949032 23875565 4140989 27293521
28146691 8848979 18263844 17081696 8845150 28139081
29005549 8083035 26807177 18429020 4054060 29002409
29866223 11958018 22535958 4181988 12162971 29865811
30723773 18211404 29325207 39485 14818940 30732869
31589057 2551827 5618822 20004884 12075837 31581409
32452867 5417075 18950567 22106471 20113557 32455519
33317377 27951646 29491061 3470594 21046864 33313957
34186063 28240749 24491328 27791594 26916174 34175651
35056631 17199996 19279338 31529723 32581692 35058307
35926309 25153191 21576324 3026172 10233513 35918579
36796387 33838209 3825023 17321707 27987010 36798733
37667713 26707828 32521047 20305107 20610 37671637
38539477 32153508 1410664 11463159 22873776 38544221
39410869 10531415 1338987 19171993 26308132 39413461
40285799 25288049 29053123 39777734 27486265 40277077
41161751 32609788 5245829 12881828 13928349 41170057
42042103 36651409 8128591 36559415 29598576 42038209
42920209 20396081 12215066 26273038 15214588 42932243
43800319 2584243 34324292 32019258 14134853 43795351
44680327 4952091 5067954 4613905 44227713 44685679
45558571 11155196 30331140 35604160 26137528 45548047
46441223 921137 26240910 40782651 41765254 46441223
47323789 21337232 32885828 10276041 44210695 47313923
48210719 2253845 27310496 10794409 17877424 48200869
49096877 7869267 2927532 7690916 726708 49083763
49979693 33741815 38636153 43252955 29814049 49993103
50865917 46774260 36525663 8772223 10267987 50871787
51754999 4247345 38361057 32038040 6499622 51765379
52642831 16606461 11788760 19494993 40265642 52640389
53533523 18836255 14194745 38006378 8478379 53532559
54426167 46945819 38790901 28292135 2569659 54431963
55316939 35824511 38729091 43313348 5839881 55305079
56206477 7456449 43798422 13809117 55957074 56206217
57099349 2050674 30798734 17596492 45751490 57088547
57994019 49812228 26295949 14590174 1938979 57996773
58886033 25997590 24493281 27847000 41394747 58884197
59783149 7586372 2984101 22252404 56470532 59775799
60678109 24061750 38186351 4669847 9062859 60691601
61576271 19746835 34182830 42982337 26285010 61585037
62473049 36562824 61507610 51308056 47734243 62482579
63372161 30100484 27988848 57083 7684249 63378919
64268783 20656059 41413670 23034440 44926680 64270279
65170121 42629374 715606 18255581 64205063 65173033
66068923 63863807 2761055 55030822 18779892 66072023
66968591 31267194 46485718 21532892 6015894 66968021
67867979 14673007 6804313 1885251 61993596 67875793
68770969 27147402 50825082 15740362 7277633 68778077
69672853 40255321 17388333 30152817 22375431 69671951
70575469 12732938 64778755 28360364 47764559 70584911
71480063 15266444 70818034 4672471 29144539 71467729
72383189 11423780 28758233 21139635 40221716 72391441
73289717 53623249 21069055 1374614 20824656 73297151
74196631 13774884 17608921 8884853 48740133 74187149
75103543 59826675 38574648 26103115 32554938 75109703
76007003 14328765 47649008 35308076 49324204 75995177
76918277 45538713 52788432 769257 33562290 76922581
77826943 38201840 14474492 2521544 23774141 77812687
78736487 41597135 69440254 30588736 41814083 78722893
79645843 74939679 5471894 58389566 20460273 79660733
80556709 13729892 6664400 75977039 72868464 80546441
81463297 20522954 42713092 40275272 41211648 81449857
82376243 74603210 69494924 16139711 63311245 82377517
83288003 3277900 79137350 77713365 70622886 83287361
84200287 79756477 70839980 65497492 69503722 84203881
85115519 79904219 72355659 24094435 19507970 85121219
86028157 26810974 61392158 41275468 69909068 86035231
86941489 55457552 30658988 37205 33654423 86938219
87857533 72744361 43373377 43660409 57580943 87857533
88771853 61176553 68171468 5802427 78263713 88775143
89687693 51411312 54890980 1827448 83891595 89688761
90603127 39569881 6833945 85053173 90526736 90600647
91519081 90769416 91250611 77821480 69817619 91531087
92436821 92381721 20957934 6488295 14494741 92443639
93354689 17292418 13515295 65503673 66931491 93366107
94272779 84881234 88979075 7601041 84797189 94257629
95189093 56338622 47522652 28469271 37116019 95200463
96107411 20497767 94066297 18726587 55033768 96090611
97026263 87402064 92387651 13491267 34692757 97035893
97944389 15748114 7274931 4018417 48411657 97948919
98866931 26213955 61197122 35202533 24003965 98860393
99789689 83411841 74986860 88915217 59327113 99802387
100711463 76701802 27065134 56256530 37650021 100724993
101631953 78173439 98218704 36165884 77485060 101633513
102551573 58835757 94146315 48942020 47846374 102547073
103473889 98255097 52314425 52195878 74397855 103482839
104395303 61065939 24577410 69406583 30682855 104391281
