0.0014786720275878906 161.19960969250386 9.172925607006927e-06 31 31.6 6.082762530298219 5.195007998849291 37
0.0019340038299560547 192.21487359444637 1.0061676257356671e-05 37 44.2 6.082762530298219 7.266435238896793 37
0.0016783714294433595 212.49456589082536 7.89842047210594e-06 41 38.5 6.855654600401044 5.615802172668941 47
0.0012622117996215821 222.52385887731518 5.672253779840667e-06 43 26.7 6.557438524302 4.071711827880545 43
0.00114898681640625 242.37410386486016 4.740551065830396e-06 47 25.9 6.4031242374328485 4.044900432914897 41
0.0015746116638183593 271.6627276012901 5.796200596680167e-06 53 34.6 7.280109889280518 4.7526755126246405 53
0.0035698413848876953 300.41529582260705 1.1883021385820713e-05 59 81.9 8.18535277187245 10.005677492781398 67
0.004343938827514648 309.8885976964991 1.4017743343267653e-05 61 101.0 8.18535277187245 12.339113879986828 67
0.0015254259109497071 337.99744974274466 4.513128463279038e-06 67 32.1 8.54400374531753 3.7570208249957915 73
0.004185318946838379 356.49123101884135 1.1740313877782805e-05 71 97.0 9.1104335791443 10.647133218999963 83
0.004882550239562989 365.6682729951789 1.3352403257657966e-05 73 107.9 8.888194417315589 12.1396984509918 79
0.00227813720703125 392.9336259056963 5.797765975819033e-06 79 49.1 8.888194417315589 5.5241815935467775 79
0.0039540290832519535 410.89942271031015 9.622863563961732e-06 83 87.4 9.1104335791443 9.593396323098936 83
0.004762911796569824 437.55028704534055 1.0885404346852304e-05 89 107.5 9.1104335791443 11.799657948891712 83
0.006453514099121094 472.5637645007717 1.3656387949970623e-05 97 146.9 8.888194417315589 16.527541264603293 79
0.0038447856903076174 489.86065670985505 7.848733384981533e-06 101 83.6 9.848857801796104 8.488293940517055 97
0.004445099830627441 498.45901835827704 8.917683634790693e-06 103 98.0 10.44030650891055 9.386697595167282 109
0.0061481714248657225 515.5587016076646 1.1925259734136781e-05 107 135.8 10.44030650891055 13.007280953303237 109
0.005095767974853516 524.0612106375131 9.723612187695758e-06 109 114.3 10.63014581273465 10.752439525624515 113
0.0020506858825683595 540.9743842092611 3.7907264048478644e-06 113 42.9 10.14889156509222 4.227062603324818 103
0.004426431655883789 599.2598729010281 7.386497671628423e-06 127 97.3 10.63014581273465 9.153214049372401 113
0.0035880327224731444 615.668071175335 5.827868766401101e-06 131 78.5 11.269427669584644 6.965748598916494 127
0.006455016136169433 640.0889462056488 1.0084561176120601e-05 137 144.0 11.704699910719626 12.302750271121358 137
0.005344319343566895 648.1797163492798 8.245119692525276e-06 139 116.3 11.445523142259598 10.161178178967871 131
0.004573512077331543 688.2780575275021 6.644861080942996e-06 149 100.0 12.288205727444508 8.137884587711595 151
0.009119963645935059 696.2289371139742 1.3099087325699737e-05 151 200.6 12.529964086141668 16.0096229024205 157
0.007328391075134277 719.9495739732874 1.0179033838009028e-05 157 159.6 12.767145334803704 12.500836781807799 163
0.005541682243347168 743.4782387415528 7.453724876638336e-06 163 118.6 12.767145334803704 9.289468936857174 163
0.0055228471755981445 759.0609894318229 7.275893837901143e-06 167 120.0 12.767145334803704 9.399125399855489 163
0.00914759635925293 782.2856714159076 1.1693421845112063e-05 173 199.3 13.892443989449804 14.345927912421484 193
0.008119845390319824 805.3367598328928 1.0082546575925195e-05 179 180.3 13.45362404707371 13.40159345683641 181
0.0065622091293334964 812.982940638779 8.071767316762417e-06 181 145.0 13.45362404707371 10.777765120583911 181
0.00865626335144043 850.9420652415153 1.0172564860785911e-05 191 188.2 13.820274961085254 13.617674071603375 191
0.0070606708526611325 858.4809482753905 8.224609837696891e-06 193 154.6 13.892443989449804 11.128351506574818 193
0.009203052520751953 873.5073148181621 1.0535747514224024e-05 197 200.3 14.52583904633395 13.78922066815493 211
0.004980015754699707 880.9951665878336 5.6527163185102546e-06 199 107.0 13.379088160259652 7.997555492445714 179
0.008397245407104492 925.5786809456908 9.072427422944508e-06 211 184.8 13.892443989449804 13.302195073835877 193
0.012754225730895996 969.5986363215984 1.3154129196470579e-05 223 280.1 14.52583904633395 19.282879226910616 211
0.010711097717285156 984.1524023130588 1.0883576255172271e-05 227 235.1 15.264337522473747 15.401913096710636 233
0.006819725036621094 991.4075087949587 6.878831334362566e-06 229 147.7 15.459624833740307 9.553918778006038 239
0.009096121788024903 1005.8748455662526 9.042995585503764e-06 233 198.4 14.933184523068078 13.285846678819313 223
0.007417464256286621 1027.470622120595 7.219149722235102e-06 239 163.8 15.459624833740307 10.595341204044612 239
0.010907721519470216 1034.6416612057674 1.0542511410915349e-05 241 233.5 16.217274740226856 14.398226813091142 263
0.005964493751525879 1070.2956666571274 5.572753340350226e-06 251 128.3 16.0312195418814 8.003134113709663 257
0.006968188285827637 1091.5312763867898 6.383864976268827e-06 257 147.2 15.84297951775486 9.291181613599662 251
0.009506916999816895 1112.6529250693895 8.544368855385883e-06 263 205.0 15.459624833740307 13.260347660739594 239
0.016589951515197755 1133.663427703137 1.4633930238721636e-05 269 357.9 16.0312195418814 22.325188614939112 257
0.0049876213073730465 1140.642697743299 4.372641246238449e-06 271 104.5 15.84297951775486 6.5959815123720436 251
0.0073679924011230465 1161.5091685000566 6.343464693126688e-06 277 158.9 16.76305461424021 9.47917928186039 281
0.01657087802886963 1175.361634528084 1.40985357545067e-05 281 358.8 15.84297951775486 22.647255183149177 251
0.016179513931274415 1182.270586647182 1.3685119222290837e-05 283 349.7 17.69180601295413 19.766212660479425 313
0.011329555511474609 1216.6460438183128 9.312121277210598e-06 293 245.2 16.822603841260722 14.575627073770773 283
0.017693614959716795 1264.3127750228782 1.3994650144539291e-05 307 380.3 17.804493814764857 21.359776018154808 317
0.011187934875488281 1277.8368230771791 8.755370539836563e-06 311 231.8 17.52141546793523 13.229524773509404 307
0.012900209426879883 1284.5833864770964 1.0042329336251219e-05 313 276.0 17.804493814764857 15.50170439392776 317
0.015856003761291503 1298.045953148062 1.2215286926350352e-05 317 340.8 17.804493814764857 19.141234990762975 317
0.00956418514251709 1344.851353904589 7.111704289659082e-06 331 204.9 18.35755975068582 11.16161422230126 337
0.02394578456878662 1364.7654902137388 1.7545713707221905e-05 337 516.8 18.947295321496416 27.27566078593133 359
0.016211509704589844 1397.7682883533046 1.1598138146121805e-05 347 344.2 18.788294228055936 18.31991748809307 353
0.009842991828918457 1404.3412765004953 7.008974238403357e-06 349 208.3 18.35755975068582 11.346824023940227 337
0.02058415412902832 1417.4601483598187 1.4521857388969135e-05 353 448.6 19.570385790780925 22.92238920559876 383
0.01768651008605957 1437.071543061172 1.2307327475419023e-05 359 376.2 19.313207915827967 19.478897635213084 373
0.014758539199829102 1463.0974722592848 1.0087187955454035e-05 367 312.1 18.681541692269406 16.706329977528025 349
0.010975193977355958 1482.5268299498207 7.403032279508518e-06 373 230.0 19.72308292331602 11.661462910958058 389
0.010573124885559082 1501.880504647691 7.039924183608277e-06 379 221.9 18.947295321496416 11.71143407197787 359
0.017780828475952148 1514.7415689751624 1.1738522821409218e-05 383 376.8 19.924858845171276 18.911049906449716 397
0.018651509284973146 1533.9720491479727 1.2158962932429514e-05 389 398.8 19.313207915827967 20.64908127837049 373
0.012167835235595703 1559.500562023594 7.802392337587124e-06 397 257.0 19.924858845171276 12.898460259972337 397
0.016193580627441407 1572.2175784571184 1.0299834354563591e-05 401 342.3 19.157244060668017 17.867914555767474 367
0.020020484924316406 1597.55888152744 1.2531923020686815e-05 409 411.0 20.808652046684813 19.751399517753942 433
0.009593749046325683 1629.0651166149673 5.889113300922264e-06 419 198.9 20.46948949045872 9.716900858358567 419
0.02700784206390381 1635.344053128949 1.651508256762787e-05 421 566.6 21.18962010041709 26.739507235849274 449
0.019508767127990722 1666.6293490167586 1.1705522370345917e-05 431 410.4 20.518284528683193 20.001672139124896 421
0.017796134948730467 1672.8647985547511 1.0638119090141174e-05 433 378.2 20.223748416156685 18.700786432739505 409
0.03173582553863526 1691.5285999163452 1.8761625159754766e-05 439 666.9 21.18962010041709 31.47295689302485 449
0.014651966094970704 1703.9360418076599 8.598894404174248e-06 443 306.0 20.760539492026695 14.739501356288093 431
0.026917243003845216 1722.4952783102215 1.5626889282536206e-05 449 568.7 21.18962010041709 26.838612363267707 449
0.0232572078704834 1747.145452347306 1.3311546465256872e-05 457 493.5 21.047565179849187 23.446892587484367 443
0.02438364028930664 1759.4302294953307 1.3858827636660969e-05 461 464.7 21.470910553583888 21.643236733731957 461
0.01567370891571045 1765.5626561307865 8.877458333911089e-06 463 328.5 21.88606862823929 15.009548109345733 479
0.019020819664001466 1777.8077472531804 1.0699030698561064e-05 467 407.6 22.561028345356956 18.066552364572683 509
0.028444480895996094 1814.3871962517585 1.567718343403104e-05 479 600.5 21.517434791350013 27.907601711027393 463
0.02812223434448242 1838.6460964498583 1.529507739351369e-05 487 563.2 22.825424421026653 24.674239988334385 521
0.017279577255249024 1850.7380411276408 9.33658728099667e-06 491 359.4 22.338307903688676 16.08895362842828 499
0.01269371509552002 1874.8480700629789 6.770529995581786e-06 499 268.3 21.470910553583888 12.495976792899258 461
0.030093050003051756 1886.8666029842116 1.5948689724783665e-05 503 628.1 22.06807649071391 28.461927810713366 487
0.01871190071105957 1904.8494170706006 9.823296552142125e-06 509 394.3 22.338307903688676 17.65129219724338 499
0.017956066131591796 1940.6557290528085 9.252576777415209e-06 521 376.2 23.600847442411894 15.940105579596686 557
0.034699654579162596 1946.6030981825677 1.7825747124084865e-05 523 732.2 23.388031127053 31.306611318515916 547
0.012391757965087891 1999.873776016183 6.196270041488667e-06 541 254.7 22.825424421026653 11.158609596997099 521
0.027082085609436035 2017.5302869145069 1.342338491029733e-05 547 576.5 22.825424421026653 25.256923567604353 521
0.025986146926879884 2046.8489024360074 1.2695684032149663e-05 557 545.4 23.388031127053 23.319620067083555 547
0.02599167823791504 2064.375713855701 1.2590575476868764e-05 563 538.7 23.388031127053 23.03314875346152 547
0.0224409818649292 2081.854975481986 1.0779320427799597e-05 569 468.0 23.853720883753127 19.619580621434906 569
0.025362277030944826 2087.6709287817853 1.2148599035071311e-05 571 497.2 24.758836806279895 20.081718858209403 613
0.036205172538757324 2105.0876796551815 1.7198890520649392e-05 577 700.4 23.853720883753127 29.36229544284831 569
0.023142576217651367 2134.013128386994 1.0844626919021727e-05 587 483.4 23.853720883753127 20.265182205986395 569
0.046935200691223145 2151.307796825226 2.1817055077143012e-05 593 987.2 24.474476501040833 40.33589850054677 599
0.033530473709106445 2168.55765897848 1.546210845272212e-05 599 699.1 24.351591323771842 28.70859611205547 593
0.0446742057800293 2174.297745276459 2.0546498692316418e-05 601 940.3 24.879710609249457 37.793847957798484 619
0.032747077941894534 2191.4886638634102 1.4942846149230901e-05 607 686.9 24.228082879171435 28.35139715451935 587
0.02033991813659668 2208.635959632657 9.209266945006021e-06 613 428.5 25.357444666211933 16.898390419085246 643
0.02389795780181885 2220.043497584335 1.0764634939730956e-05 617 496.9 24.63736998950984 20.1685488431424 607
0.023711895942687987 2225.74012248309 1.065348811533056e-05 619 495.9 24.515301344262525 20.228182922828264 601
0.02783787250518799 2259.8209596269417 1.231861859967152e-05 631 585.2 25.11971337416094 23.296444162534044 631
0.02111375331878662 2288.094013674103 9.227659874378697e-06 641 440.9 24.839484696748443 17.74996564472672 617
0.026581001281738282 2293.7349009005416 1.158852370921432e-05 643 539.2 26.13426869074396 20.631914609149554 683
0.0373530387878418 2305.003082817099 1.6205201227839636e-05 647 773.5 25.942243542145693 29.816233848216488 673
0.04070847034454346 2321.87161569044 1.7532610360301185e-05 653 841.0 25.11971337416094 33.479681375070285 631
0.019628453254699706 2338.700041129888 8.39289045602303e-06 659 405.1 26.28687885618983 15.410730281682346 691
0.030471539497375487 2344.300676448759 1.2998136204752968e-05 661 636.9 24.839484696748443 25.64062853056577 617
0.018605303764343262 2377.8127417892856 7.824545405683593e-06 673 383.9 25.553864678361276 15.023167917339805 653
0.03199014663696289 2388.948839672596 1.3390888120210695e-05 677 670.4 26.019223662515376 25.765565056647425 677
0.03234312534332275 2405.620963239092 1.3444813558564008e-05 683 677.4 25.436194683953808 26.63134200758935 647
0.03800265789031983 2427.791289463653 1.565318157917741e-05 691 790.1 26.627053911388696 29.67282834328379 709
0.0397244930267334 2455.4103682694513 1.6178351912202287e-05 701 824.5 27.073972741361768 30.45360235368728 733
0.04050023555755615 2477.431641244088 1.6347670257903952e-05 709 846.5 26.476404589747453 31.971863744966075 701
0.03858294486999512 2504.8671509164255 1.540319008769756e-05 719 809.1 26.13426869074396 30.95935109470123 683
0.02219698429107666 2526.7437103587563 8.784818262365457e-06 727 458.3 27.730849247724095 16.52672068950839 769
0.038303804397583005 2543.109753302162 1.506179760737676e-05 733 798.1 26.28687885618983 30.36115486993503 691
0.050068235397338866 2559.4407043595647 1.956217829624116e-05 739 1042.2 27.40437921208944 38.03041812894757 751
0.027211618423461915 2570.308672859136 1.058690682204815e-05 743 469.3 26.476404589747453 17.725216368000684 701
0.02598116397857666 2591.998645952535 1.0023602450235397e-05 751 542.5 26.814175355583846 20.231836064539966 719
0.04279012680053711 2608.2262801781003 1.6405833775133662e-05 757 888.4 27.258026340878022 32.592234994934095 743
0.050331616401672365 2619.025903711236 1.921768560225044e-05 761 1050.8 28.478061731796284 36.898578628571556 811
0.035409855842590335 2640.5804444917344 1.3409875815923538e-05 769 742.0 27.073972741361768 27.406395326180668 733
0.04774918556213379 2651.335542078901 1.8009484203079724e-05 773 986.0 28.653097563788805 34.41163726905696 821
0.043349051475524904 2688.8634836399483 1.6121700390992982e-05 787 907.6 27.51363298439521 32.98728308670686 757
0.05471546649932861 2715.5612361642643 2.0148861226423426e-05 797 1144.6 27.730849247724095 41.27533166312743 769
0.03802735805511474 2747.4819042071545 1.3840803827273383e-05 809 788.4 28.792360097775937 27.382263813132145 829
0.03369011878967285 2752.789788359563 1.2238536677277273e-05 811 699.0 27.51363298439521 25.40558712825925 757
0.04829514026641846 2779.277406987499 1.7376869306028106e-05 821 1003.8 28.965496715920477 34.655024557140614 839
0.027509188652038573 2784.5646391203773 9.879170433166356e-06 823 573.2 28.75760768909681 19.93211696177786 827
0.025291585922241212 2795.1288895501943 9.048450687478408e-06 827 519.9 29.376861643136763 17.697601817226886 863
0.04294478893280029 2800.405927062024 1.533520141412311e-05 829 828.7 28.053520278211074 29.539964745303074 787
0.017850708961486817 2826.740617495179 6.314944091794536e-06 839 360.5 28.792360097775937 12.520682527440561 829
0.06300585269927979 2863.469488179104 2.2003326020891377e-05 853 1297.6 29.715315916207253 43.66771679826787 883
0.042337584495544436 2873.9339004595995 1.4731579069641723e-05 857 871.4 30.116440692751194 28.934362094446957 907
0.034563326835632326 2879.1612263419743 1.2004651396179591e-05 859 715.1 29.715315916207253 24.06503104380499 883
0.04055027961730957 2889.606161797135 1.4033151006326104e-05 863 834.1 30.18277654557314 27.63496587998085 911
0.062393474578857425 2926.0623293873205 2.1323357999664282e-05 877 1254.2 30.610455730027933 40.97292804333088 937
0.04219954013824463 2936.449773006057 1.4370938854862404e-05 881 878.3 29.68164415931166 29.590678848040216 881
0.02905869483947754 2941.638769741163 9.878403541042002e-06 883 600.5 29.715315916207253 20.208433983785337 883
0.048807501792907715 2952.007354755779 1.653366537663846e-05 887 1006.3 29.30870177950569 34.334512922836524 859
0.03667824268341065 3003.6642402884954 1.2211166012312941e-05 907 750.0 30.315012782448235 24.74021717827658 919
0.022875523567199706 3013.958860072687 7.589859261266765e-06 911 467.3 29.782545223670862 15.690398402504389 887
0.06643552780151367 3034.5118464633083 2.1893316343102625e-05 919 1371.0 30.610455730027933 44.78861772237812 937
0.05172786712646484 3060.1357388614997 1.6903781904037303e-05 929 1071.2 29.715315916207253 36.048750180567616 883
0.07097811698913574 3080.5815695519577 2.3040492642906662e-05 937 1480.9 31.160872901765767 47.52434261609158 971
0.045841097831726074 3090.7868871822757 1.4831529802922529e-05 941 954.5 29.715315916207253 32.12148249379368 883
0.05809586048126221 3106.0730309150686 1.8703958311033918e-05 947 1118.6 30.870698080866262 36.235008261549844 953
0.047764015197753903 3121.33314842294 1.5302440632422324e-05 953 988.7 30.610455730027933 32.299421110222646 937
0.02461574077606201 3156.8399514269813 7.7975890937819e-06 967 507.9 30.675723300355934 16.557066805792537 941
0.05751588344573975 3166.959253549907 1.8161232539152204e-05 971 1179.9 31.480152477394387 37.48075873670801 991
0.01546165943145752 3182.1171635105375 4.858922106563824e-06 977 317.4 30.675723300355934 10.34694428855789 941
0.04304449558258057 3197.249983490069 1.3462974682884776e-05 983 882.4 30.870698080866262 28.583739755043432 953
0.04853167533874512 3217.3883586325182 1.5084183172519609e-05 991 982.2 30.870698080866262 31.816578861518202 953
0.08195397853851319 3232.463331131631 2.5353413215617972e-05 997 1671.9 31.76476034853718 52.63379863896861 1009
0.03896028995513916 3262.5399511966143 1.1941705094170431e-05 1009 798.1 32.38826948140329 24.641637629273568 1049
0.03995323181152344 3272.5439515892144 1.2208615805487143e-05 1013 825.4 31.25699921617557 26.406885519991107 977
0.06477193832397461 3287.529930837228 1.970231136647911e-05 1019 1336.8 31.827660925679098 42.001201505871485 1013
0.047990727424621585 3292.5199429411346 1.4575683141269765e-05 1021 983.4 31.953090617340916 30.77636563476303 1021
0.09395096302032471 3317.4304209501843 2.8320401967440544e-05 1031 1917.8 31.953090617340916 60.019233286911266 1021
0.027681899070739747 3322.4046423578975 8.331886705736726e-06 1033 563.6 31.921779399024736 17.655657379087675 1019
0.056501460075378415 3337.3116658625318 1.693023179505039e-05 1039 1158.8 32.38826948140329 35.77838577221176 1049
0.05191187858581543 3362.1049230635126 1.5440291059838165e-05 1049 1065.6 32.14031735997639 33.154619727774296 1033
0.051474809646606445 3367.055859729606 1.5287780123356842e-05 1051 1045.5 32.60368077380221 32.06693156068694 1063
0.036928415298461914 3391.772285607101 1.0887645805458905e-05 1061 765.7 33.03028912982749 23.181752875076914 1091
0.03891890048980713 3396.70795907574 1.1457829450959672e-05 1063 783.1 33.421549934136806 23.43098993144363 1117
0.02771005630493164 3411.499857342414 8.122543591872813e-06 1069 568.9 33.06055050963308 17.207819931317708 1093
0.04137566089630127 3455.740745961812 1.1973022265819734e-05 1087 849.4 32.2335229225724 26.351447902245418 1039
0.030828166007995605 3465.5448734943434 8.89561876511247e-06 1091 630.2 33.926390907374746 18.575509600197716 1151
0.05577781200408936 3470.4432629374646 1.6072244315234162e-05 1093 1145.0 33.03028912982749 34.66515220316451 1091
0.06746537685394287 3480.2327196297783 1.9385306181800317e-05 1097 1335.1 33.03028912982749 40.42047572615278 1091
0.06197798252105713 3494.8986779229954 1.773384244658286e-05 1103 1276.1 32.57299494980466 39.176624745943194 1061
0.07059853076934815 3509.5428890073476 2.0116161278575085e-05 1109 1452.3 33.12099032335839 43.84832656938321 1097
0.05528035163879395 3529.0349148228547 1.5664438854544126e-05 1117 1109.2 33.421549934136806 33.18816758007569 1117
0.037359976768493654 3543.6289202417915 1.0542858072719556e-05 1123 761.9 34.219877264537345 22.26483730815628 1171
0.08483293056488037 3558.201635634537 2.384151862426763e-05 1129 1749.1 33.421549934136806 52.33449685747421 1117
0.034015655517578125 3611.4549231193814 9.418823228228811e-06 1151 698.9 33.421549934136806 20.9116573401685 1117
0.07015366554260254 3616.2822499649833 1.9399388845625046e-05 1153 1442.4 34.36568055487916 41.972106377948954 1181
0.05359916687011719 3640.384584760475 1.4723490230811379e-05 1163 1090.6 34.10278580995987 31.979792093157545 1163
0.05914487838745117 3659.625572480435 1.6161456197105906e-05 1171 1218.2 34.45286635390443 35.35845138359425 1187
0.07172129154205323 3683.626188897468 1.9470295807490676e-05 1181 1465.2 34.45286635390443 42.527666201972 1187
0.08375582695007325 3697.999779258512 2.264895401558601e-05 1187 1720.0 33.926390907374746 50.69799510050788 1151
0.05239748954772949 3712.3534321026764 1.4114359127183524e-05 1193 1072.1 34.97141690009142 30.65646447963043 1223
0.0468181848526001 3731.460827200102 1.254687829263106e-05 1201 962.7 34.88552708502482 27.595971178926366 1217
0.04142274856567383 3760.056464760765 1.1016523010728077e-05 1213 846.9 34.655446902326915 24.437716887244513 1201
0.0869964599609375 3769.5710261338268 2.307861010120385e-05 1217 1781.7 34.655446902326915 51.411831595233856 1201
0.030279922485351562 3783.8267488154547 8.00246007427027e-06 1223 598.4 34.97141690009142 17.111116821761822 1223
0.07844321727752686 3798.063228299758 2.065347851321653e-05 1229 1609.8 35.05709628591621 45.91937640444907 1229
0.07397177219390869 3802.8044644974443 1.9451900008138952e-05 1231 1530.5 35.08560958569767 43.62187284395636 1231
0.032358312606811525 3817.0154596022257 8.477385787214918e-06 1237 659.9 35.17101079013795 18.762611172523872 1237
0.07052068710327149 3845.3806039892957 1.8339065586930857e-05 1249 1455.1 35.76310948449533 40.68717796003843 1279
0.06548616886138917 3868.960839376863 1.692603558942623e-05 1259 1340.5 34.97141690009142 38.33130364233243 1223
0.06535031795501708 3911.275447428833 1.6708186072135784e-05 1277 1337.2 34.97141690009142 38.23694086574183 1223
0.08473563194274902 3915.966864072226 2.1638495647185375e-05 1279 1722.3 36.345563690772494 47.38680116927893 1321
0.06342368125915528 3925.343619064231 1.6157485156490568e-05 1283 1269.3 34.828149534535996 36.4446580413739 1213
0.0908205509185791 3939.393612086694 2.3054449456364816e-05 1289 1855.4 36.013886210738214 51.51901655775149 1297
0.05596837997436523 3944.0729208214534 1.4190503344625889e-05 1291 1158.1 35.34119409414458 32.76912480418642 1249
0.09192731380462646 3958.0988320303254 2.3225118347404155e-05 1297 1871.1 35.90264614203248 52.115935761332025 1289
0.05471534729003906 3967.4394637470186 1.3791098210825266e-05 1301 1125.1 35.08560958569767 32.067278103061284 1231
0.04778056144714356 3972.106797836906 1.2029022349843026e-05 1303 960.1 35.90264614203248 26.74176149027571 1289
0.0651982307434082 3981.4355206231694 1.6375558615904312e-05 1307 1343.0 35.34119409414458 38.00097971852376 1249
0.04823966026306152 4009.374384746056 1.203171757833159e-05 1319 987.2 36.15245496505044 27.30658266373205 1307
0.07542049884796143 4014.0240010151047 1.8789249598131045e-05 1321 1542.6 36.89173349139343 41.814245469378044 1361
0.06836886405944824 4027.9611585990647 1.697356587302026e-05 1327 1397.5 37.16180835212409 37.605812579358016 1381
0.0677117109298706 4106.611245748451 1.648846381550533e-05 1361 1383.0 37.77565353504821 36.610882157653585 1427
0.09421291351318359 4120.433722088611 2.2864804985973153e-05 1367 1908.1 37.77565353504821 50.511369663788 1427
0.0595536470413208 4134.239342275976 1.4404982902740074e-05 1373 1206.1 36.15245496505044 33.36149650600407 1307
0.08684513568878174 4152.6207668352035 2.09133317403718e-05 1381 1736.8 37.16180835212409 46.736154052113775 1381
0.09540328979492188 4193.871039823404 2.274826500123836e-05 1399 1935.0 38.19685850956856 50.658616323519645 1459
0.08391339778900146 4216.723944825092 1.9900140224257e-05 1409 1708.7 37.77565353504821 45.23283755804966 1427
0.0869023323059082 4248.642224318597 2.0454142221835523e-05 1423 1783.1 38.48376280978771 46.33382678334401 1481
0.04210782051086426 4257.7456200807 9.889698509058923e-06 1427 864.4 38.118237105091836 22.67680946568574 1453
0.05730307102203369 4262.294647525799 1.3444183417797572e-05 1429 1165.3 38.118237105091836 30.57066875331281 1453
0.09867119789123535 4271.387376416447 2.310050323134523e-05 1433 2016.1 38.353617821530214 52.566097137992564 1471
0.06844749450683593 4285.013199102566 1.5973695138482015e-05 1439 1358.4 38.03945320322047 35.710292488773106 1447
0.0492206335067749 4303.156314053227 1.1438262966657845e-05 1447 982.3 38.561638969317684 25.473502326537158 1487
0.0533217191696167 4312.217360217468 1.2365267034435308e-05 1451 1067.6 37.93415347678132 28.143503997089457 1439
0.06104097366333008 4316.745265582571 1.4140508625795e-05 1453 1242.0 38.50973902793941 32.25158184268426 1483
0.16025962829589843 4330.318545218394 3.700873887738805e-05 1459 3286.3 38.58756276314948 85.16474647987785 1489
0.05477590560913086 4357.418396206447 1.257072436670726e-05 1471 1118.7 38.09199390948182 29.368376007262103 1451
0.04741711616516113 4379.954392834905 1.0825938334593166e-05 1481 939.9 38.71692136521188 24.276207065485416 1499
0.07013189792633057 4384.456475063489 1.5995573983960014e-05 1483 1413.4 38.118237105091836 37.0793642975477 1453
0.10145652294158936 4393.45554443731 2.3092648125243146e-05 1487 2080.7 38.48376280978771 54.06695832432498 1481
0.08324055671691895 4397.952537050028 1.8927115746627273e-05 1489 1707.8 38.19685850956856 44.710483182070725 1459
0.07743160724639893 4406.9414517364075 1.757037348791861e-05 1493 1578.2 37.93415347678132 41.60366992151235 1439
0.10141010284423828 4420.4121880106395 2.294132278417159e-05 1499 2076.4 38.118237105091836 54.472613575370055 1453
0.07603507041931153 4447.308437442752 1.709687364590176e-05 1511 1521.0 39.585350825778974 38.423304790050935 1567
0.05887250900268555 4474.144866448686 1.3158382385909444e-05 1523 1193.6 38.353617821530214 31.120923339074412 1471
0.059267091751098636 4492.002864443905 1.319391227913558e-05 1531 1195.6 38.50973902793941 31.046691828593637 1483
0.04446730613708496 4518.740841285324 9.840640943780381e-06 1543 900.8 39.28103868280471 22.93218382726538 1543
0.07127673625946045 4532.087919220156 1.5727130084388377e-05 1549 1427.9 40.26164427839479 35.46551626472543 1621
0.07822775840759277 4540.977902258635 1.7227073130808036e-05 1553 1586.8 39.02563260217571 40.660455556882745 1523
0.058208656311035153 4554.300823215524 1.2781030188940711e-05 1559 1177.3 38.58756276314948 30.509830517834704 1489
0.08106677532196045 4572.042321432179 1.77309765795358e-05 1567 1645.7 40.162171256046406 40.976370264151 1613
0.10671501159667969 4580.903516176175 2.3295625245073506e-05 1571 2155.2 40.11234224026316 53.72909881679002 1609
0.05317444801330566 4598.606894037622 1.1563164505809275e-05 1579 1077.9 39.96248240537617 26.972798863340625 1597
0.07382824420928955 4607.449115676784 1.6023670008224278e-05 1583 1483.7 39.786932528155525 37.29113821353402 1583
0.07917466163635253 4638.347513419062 1.706958381347985e-05 1597 1602.0 39.96248240537617 40.087599757929006 1597
0.07524242401123046 4647.161596902125 1.619104962078106e-05 1601 1517.0 40.162171256046406 37.7718622414274 1613
0.0654569149017334 4660.371100424298 1.4045429750384891e-05 1607 1332.3 39.736632972611055 33.52825592742857 1579
0.08038649559020997 4664.771178408606 1.7232677127291365e-05 1609 1626.9 39.585350825778974 41.09853685925961 1567
0.05750727653503418 4673.566713414267 1.2304794188552907e-05 1613 1163.5 40.08740450565489 29.024079117815475 1607
0.05744259357452393 4686.74849786137 1.2256384911786027e-05 1619 1161.2 40.45985664828782 28.700052254118397 1637
0.09096455574035645 4691.139363643446 1.9390716985586935e-05 1621 1833.0 41.19465984809196 44.496058633796444 1697
0.044999194145202634 4704.302805603749 9.565539465614277e-06 1627 905.0 39.408120990476064 22.964809720786114 1553
0.06017024517059326 4726.211492424171 1.2731179141484143e-05 1637 1221.6 39.736632972611055 30.74241345113468 1579
0.07956945896148682 4769.915928059081 1.6681522308059692e-05 1657 1619.0 40.70626487409524 39.772747634979 1657
0.06495969295501709 4782.998150953711 1.3581375301611685e-05 1663 1311.6 40.23679907746142 32.597026355774176 1619
0.09117431640625 4791.712223351709 1.9027502520273504e-05 1667 1860.2 41.340053217188775 44.99752310978032 1709
0.07642292976379395 4796.0670431044455 1.5934499888543293e-05 1669 1566.6 40.85339643163099 38.3468728878329 1669
0.056611371040344236 4848.210449002584 1.1676756121836836e-05 1693 1151.9 41.72529209005013 27.606757012365737 1741
0.06319143772125244 4856.880624028792 1.301070432092173e-05 1697 1284.1 40.85339643163099 31.431903150303988 1669
0.15876781940460205 4861.213542132362 3.266012036471018e-05 1699 3185.5 41.2189276910499 77.28245683333692 1699
0.1003122329711914 4882.856520245688 2.0543760103388013e-05 1709 2021.1 40.85339643163099 49.47201889033517 1669
0.0785181999206543 4908.7808138860755 1.599545852577898e-05 1721 1573.3 41.2189276910499 38.16935782008758 1699
0.05396389961242676 4913.096543043658 1.098368394344561e-05 1723 1092.7 41.340053217188775 26.43199306636757 1709
0.10577030181884765 4934.653937506331 2.143418832573646e-05 1733 2115.0 41.86884283091664 50.51489023809966 1753
0.09985861778259278 4951.87446946616 2.016582173040386e-05 1741 2022.8 41.19465984809196 49.10345193913991 1697
0.13515794277191162 4964.775143247856 2.7223376461616346e-05 1747 2725.9 42.2965719651132 64.44730325304755 1789
0.07609829902648926 4977.663253408085 1.5287956447111325e-05 1753 1527.6 41.50903516103452 36.80162629831476 1723
0.13341267108917237 4990.5388516993 2.6733119419307755e-05 1759 2703.6 42.22558466143482 64.0275326363742 1783
0.12321252822875976 5029.091087171052 2.4499959553937783e-05 1777 2425.2 41.48493702538308 58.4597729656938 1721
0.07908735275268555 5041.917147922618 1.5685968339497864e-05 1783 1575.6 42.69660408041839 36.902232248550305 1823
0.07981243133544921 5050.46104160253 1.5802999108003106e-05 1787 1613.5 42.2729227756965 38.16864068191735 1787
0.0746126651763916 5054.730949911484 1.4760956797848596e-05 1789 1501.7 42.555845661906424 35.28774899529812 1811
0.09039568901062012 5080.3219753137955 1.7793299214079173e-05 1801 1830.5 41.79712908801273 43.79487395283761 1747
0.06796374320983886 5101.6108063931915 1.332201647461399e-05 1811 1374.5 43.2087954009366 31.810653068338166 1867
0.09516570568084717 5127.113310363741 1.8561264384089783e-05 1823 1941.4 42.790185790669334 45.37021665429025 1831
0.19711041450500488 5144.088433240339 3.8317851075674846e-05 1831 4012.9 41.94043395102154 95.68093655602861 1759
0.0465604305267334 5177.9754697807375 8.992014504214137e-06 1847 944.7 42.555845661906424 22.199065376478742 1811
0.06065974235534668 5207.558063010277 1.1648404419379966e-05 1861 1234.3 42.9767378938886 28.720188187561824 1847
0.11057126522064209 5220.2168802695805 2.1181354674852516e-05 1867 2241.2 42.790185790669334 52.3764961190869 1831
0.152954363822937 5228.649646311014 2.9253129234017692e-05 1871 3085.4 44.14748010928823 69.88847364248225 1949
0.06011698246002197 5232.864100683712 1.1488351561082437e-05 1873 1217.7 42.790185790669334 28.457459987601343 1831
0.06507515907287598 5241.289160413531 1.2415868898128419e-05 1877 1317.3 43.139309220245984 30.535954882229998 1861
0.11888313293457031 5245.499769071346 2.2663833413077658e-05 1879 2398.3 43.2087954009366 55.50490305841792 1867
0.13365604877471923 5266.533665960968 2.5378371667606424e-05 1889 2702.2 43.347433603386484 62.33817726613675 1879
0.18412909507751465 5291.732435125853 3.4795616999697287e-05 1901 3737.2 42.9767378938886 86.95867074014102 1847
0.11841080188751221 5304.314777616169 2.232348698218239e-05 1907 2389.3 44.41846462902562 53.79069312627011 1973
0.09246239662170411 5316.885816276028 1.7390329568233084e-05 1913 1881.9 43.60045871318328 43.16238992758529 1901
0.08880274295806885 5354.5315358787075 1.658459612442937e-05 1931 1798.4 44.75488800120049 40.18332031021417 2003
0.06806728839874268 5358.708187131955 1.2702182321141303e-05 1933 1365.6 44.710177812216315 30.54338110073166 1999
0.14277129173278807 5392.077044725069 2.64779769555514e-05 1949 2918.3 44.64302857109943 65.36966898095308 1993
0.08892590999603271 5396.2426308337845 1.6479227506916713e-05 1951 1791.1 44.710177812216315 40.06022985465765 1999
0.10373294353485107 5441.983767801968 1.9061604731090388e-05 1973 2090.1 43.965895873961216 47.539120003190035 1933
0.09928085803985595 5454.433226943597 1.820186514511393e-05 1979 2000.4 44.170125650715555 45.2885286272124 1951
0.05610833168029785 5471.015699046458 1.025556035053545e-05 1987 1129.7 43.60045871318328 25.91027785811844 1901
0.12623913288116456 5483.439999204922 2.3021886425212778e-05 1993 2556.4 45.48626166217664 56.201584974958124 2069
0.08455348014831543 5491.716909696804 1.5396547480263984e-05 1997 1711.3 45.044422518220834 37.9913850445694 2029
0.10842676162719726 5495.853582390105 1.9728830108323827e-05 1999 2189.4 45.617978911828175 47.99423499738424 2081
0.0816849946975708 5504.123369859181 1.4840691098037769e-05 2003 1642.5 44.844174649557324 36.62683086121229 2011
0.10536589622497558 5520.648753182321 1.9085781569464727e-05 2011 2154.0 44.14748010928823 48.791006749823936 1949
0.08523330688476563 5533.030417829963 1.540445297573366e-05 2017 1725.0 45.044422518220834 38.29552924787133 2029
0.06296389102935791 5553.643071219489 1.1337403254388848e-05 2027 1269.6 44.57577817604534 28.481835919631184 1987
0.07727880477905273 5557.76209636389 1.3904662243389585e-05 2029 1565.6 44.75488800120049 34.98165384656989 2003
0.14059751033782958 5578.339770962695 2.520418549434568e-05 2039 2849.3 44.41846462902562 64.14674671438556 1973
0.042321181297302245 5607.09990312199 7.547784421272419e-06 2053 844.6 45.70557952810576 18.479144312799484 2089
0.06423764228820801 5627.608363698907 1.1414732180472128e-05 2063 1254.6 44.68780594300866 28.074772827290264 1997
0.08612179756164551 5639.899724708424 1.527009375438814e-05 2069 1742.9 45.639894828976104 38.18808098772082 2083
0.1530360221862793 5664.451755547059 2.7016916868682807e-05 2081 3088.7 46.22769732530488 66.81492219404267 2137
0.06517176628112793 5668.539797663837 1.1497099536636759e-05 2083 1301.3 46.400431032480725 28.04499809687281 2153
0.09366416931152344 5676.712496874599 1.649972045670653e-05 2087 1802.3 45.42025979670306 39.68053040794858 2063
0.11344780921936035 5680.797156589074 1.9970403112840228e-05 2089 2257.9 45.42025979670306 49.71129645902852 2063
0.1666185140609741 5701.203608417038 2.92251470926218e-05 2099 3343.4 46.400431032480725 72.0553651249401 2153
0.1311483860015869 5725.654458668942 2.290539657052153e-05 2111 2638.7 46.486557196677836 56.76264621697076 2161
0.08228158950805664 5729.725705599509 1.4360476179103133e-05 2113 1624.8 45.967379738244816 35.346804826644664 2113
0.13808131217956543 5762.25584956658 2.3963065123175936e-05 2129 2799.6 45.70557952810576 61.2529154843872 2089
0.09622313976287841 5766.31715756266 1.6687104981154132e-05 2131 1942.8 46.22769732530488 42.02675262686117 2137
0.10036644935607911 5778.494498312431 1.736896165348785e-05 2137 2030.9 46.2709412050371 43.89147804451651 2141
0.0892784833908081 5786.6072518967985 1.5428467753975078e-05 2141 1801.0 45.639894828976104 39.461090056162256 2083
0.11601650714874268 5790.661990336012 2.0035102608710656e-05 2143 2318.4 46.97871858618538 49.35000506126516 2207
0.11931006908416748 5810.919348347846 2.0532046984628962e-05 2153 2392.9 46.93612681080534 50.98205076966687 2203
0.09889783859252929 5827.10570730548 1.697203441299176e-05 2161 1995.7 46.2709412050371 43.13074141190684 2141
0.10371463298797608 5863.461977013971 1.768829292226328e-05 2179 2093.4 46.14108798023731 45.36954137051611 2129
0.13083155155181886 5911.802485371442 2.2130568786010217e-05 2203 2608.9 47.12748667179272 55.358352083764075 2221
0.18739726543426513 5919.844417010962 3.165577542811259e-05 2207 3784.3 47.12748667179272 80.29921108152416 2221
0.10725078582763672 5931.899424833178 1.808034461586525e-05 2213 2163.9 47.31807265728392 45.73094123407623 2239
0.05681281089782715 5947.958089701669 9.551649497361657e-06 2221 1141.5 46.67976006793523 24.453853197589748 2179
0.10156285762786865 5980.025366230301 1.6983683414020704e-05 2237 2054.4 47.634021455258214 43.128838112685095 2269
0.06030111312866211 5984.029105431281 1.0077008661928307e-05 2239 1210.9 46.67976006793523 25.94057891980852 2179
0.0995621919631958 5992.033482645041 1.66157602843111e-05 2243 2015.7 46.93612681080534 42.945597282133605 2203
0.14895243644714357 6008.0298636245425 2.4792226375067166e-05 2251 2964.0 48.36320915737499 61.28625564021354 2339
0.12002873420715332 6039.973380415719 1.987239456987342e-05 2267 2410.8 48.36320915737499 49.84780873732348 2339
0.09126470088958741 6043.961724767267 1.510014540886288e-05 2269 1836.9 47.31807265728392 38.820262467246465 2239
0.12237818241119384 6051.9353620056445 2.0221330052447397e-05 2273 2463.0 47.44470465710583 51.91306422498964 2251
0.13739826679229736 6067.870461034003 2.2643572843986496e-05 2281 2749.0 48.4458460551573 56.743771114455654 2347
0.1797332763671875 6079.8111658362295 2.9562312293044156e-05 2287 3614.8 47.75981574503821 75.68705916491194 2281
0.11114249229431153 6091.742800477815 1.8244777551277098e-05 2293 2221.0 48.815980989835694 45.49739562669957 2383
0.09934611320495605 6099.692198841752 1.628706989900581e-05 2297 1991.9 48.38388161361178 41.16866885354691 2341
0.11274855136871338 6123.516368638224 1.8412386704175157e-05 2309 2271.6 48.815980989835694 46.533941425308754 2383
0.1288897752761841 6127.483570997729 2.103469944599087e-05 2311 2597.4 48.79549159502341 53.23032753839303 2381
0.09807889461517334 6171.057350405465 1.5893369490194278e-05 2333 1972.7 47.82258880487337 41.25038082001474 2287
0.08818955421447754 6182.920393226412 1.4263414148286954e-05 2339 1770.8 47.92702786528704 36.947836719133775 2297
0.16354148387908934 6186.8727782324 2.6433626444443136e-05 2341 3209.7 48.79549159502341 65.7786179641103 2381
0.09648582935333253 6198.724059711886 1.5565433857660238e-05 2347 1946.0 48.30113870293329 40.28890523613724 2333
0.16870696544647218 6206.6200295624185 2.7181777625005735e-05 2351 3385.5 48.79549159502341 69.38140982568322 2381
0.04029788970947266 6218.456677842364 6.480368328859201e-06 2357 811.1 48.75448697299562 16.636417494235065 2377
0.08333334922790528 6246.041567322932 1.3341785886260463e-05 2371 1653.0 47.885279575251516 34.520003112904824 2293
0.17631659507751465 6257.849174796041 2.8175270792342363e-05 2377 3533.4 48.38388161361178 73.02845249617081 2341
0.15925285816192628 6265.716103563652 2.5416545456208997e-05 2381 3191.5 48.75448697299562 65.46064163833216 2377
0.10845696926116943 6269.648128034165 1.7298733046311467e-05 2383 2185.9 48.815980989835694 44.77836879802008 2383
0.10129227638244628 6281.438453548093 1.6125649742732252e-05 2389 2015.4 49.10193478876367 41.04522578733899 2411
0.10974187850952148 6289.293890403177 1.7448998317120533e-05 2393 2206.6 48.815980989835694 45.20241026108747 2383
0.07451934814453125 6301.069894895348 1.1826459535848223e-05 2399 1420.2 48.79549159502341 29.105147905607833 2381
0.06817829608917236 6324.596256654193 1.0779865357799095e-05 2411 1295.6 49.4064773081425 26.223282261544213 2441
0.11961081027984619 6336.346665746458 1.887693596792109e-05 2417 2322.1 49.76946855251722 46.65711866201058 2477
0.18488061428070068 6348.088594630119 2.912382389198099e-05 2423 3679.5 48.979587585033826 75.12313152110545 2399
0.16674861907958985 6375.453593440144 2.6154785167154456e-05 2437 3324.1 49.58830507286975 67.03395074938038 2459
0.1694338798522949 6383.2637549721185 2.654345588028032e-05 2441 3412.8 48.877397639399746 69.82368466460589 2389
0.10469269752502441 6394.972017278739 1.6371095485977503e-05 2447 2093.3 49.22397789695587 42.52602267094417 2423
0.07558610439300537 6418.3635054917995 1.177653841642515e-05 2459 1412.1 49.16299421312742 28.722823387818462 2417
0.19039082527160645 6433.939365112508 2.9591641211912033e-05 2467 3801.6 49.36598018878993 77.00849827070324 2437
0.1503139019012451 6445.611606762125 2.3320347404046188e-05 2473 2979.7 50.02999100539596 59.558275748612985 2503
0.1498325824737549 6453.388518090282 2.3217660311902946e-05 2477 2983.2 49.72926703662542 59.988819014824486 2473
0.09859466552734375 6503.849596192176 1.5159431974728965e-05 2503 1972.5 49.72926703662542 39.66477122108518 2473
0.09178643226623535 6538.694678758695 1.4037424405884644e-05 2521 1830.1 50.38849074937649 36.319801859170504 2539
0.08743815422058106 6558.021688878666 1.3333007783256022e-05 2531 1742.5 51.19570294468082 34.036059664672386 2621
0.1258617162704468 6573.4672576134435 1.914692982225974e-05 2539 2520.0 50.50742519669756 49.89365405553817 2551
0.11431105136871338 6581.184714370876 1.7369372891038945e-05 2543 2284.2 50.02999100539596 45.65661424471651 2503
0.09796183109283448 6592.754259150625 1.48590144941115e-05 2549 1978.8 50.78385570237849 38.96513907090599 2579
0.18760292530059813 6596.609006706401 2.8439297388987707e-05 2551 3767.1 50.02999100539596 75.29683544403798 2503
0.16525571346282958 6608.167959083717 2.5007795577542162e-05 2557 3313.4 50.90186637049765 65.09388036742838 2591
0.11945297718048095 6650.483215036205 1.7961548554909124e-05 2579 2407.8 50.02999100539596 48.127132378263035 2503
0.14461116790771483 6673.5197923365295 2.1669399718238288e-05 2591 2891.5 51.31276644267 56.35049911469058 2633
0.21436948776245118 6677.356187213673 3.2103946794532654e-05 2593 4310.1 51.73973328110612 83.30348315834722 2677
0.2199185609817505 6708.016278996136 3.278444056111647e-05 2609 4409.6 51.85556864985669 85.03619022625811 2689
0.14353950023651124 6723.325697392595 2.1349478918175566e-05 2617 2901.3 51.07837115648854 56.8009498797701 2609
0.1096717119216919 6730.9752721892155 1.6293584137031265e-05 2621 2186.6 51.85556864985669 42.167120271393316 2689
0.14809184074401854 6753.903535377376 2.192685163006905e-05 2633 2960.3 50.428166732491874 58.70330396311274 2543
0.14578564167022706 6780.614564371212 2.1500358158721892e-05 2647 2882.8 51.79768334587948 55.654998713940124 2683
0.17459967136383056 6799.668553688748 2.5677673843251093e-05 2657 3505.9 52.25897052181568 67.08704677862819 2731
0.113219952583313 6803.476829941798 1.664148426067052e-05 2659 2258.1 51.95190083144215 43.46520461929586 2699
0.12788817882537842 6811.090867014558 1.8776460529212473e-05 2663 2551.0 51.54609587543949 49.48968407160186 2657
0.16509313583374025 6826.308900940108 2.4184832276049488e-05 2671 3296.6 50.92150822589606 64.73885230138409 2593
0.08628342151641846 6837.713665295192 1.2618753247061203e-05 2677 1592.7 51.79768334587948 30.748479412963935 2683
0.07760818004608154 6849.110942988344 1.1331131980791105e-05 2683 1446.2 51.56549233741495 28.045887558619594 2659
0.07971086502075195 6856.704978963193 1.1625243504760661e-05 2687 1582.6 52.028838157314254 30.417746312436478 2707
0.16190862655639648 6860.500754469209 2.36001178851154e-05 2689 3233.4 51.15662224971465 63.20589315331576 2617
0.11187784671783448 6868.089824280762 1.628951419975794e-05 2693 2210.5 51.73973328110612 42.72345178105531 2677
0.09203526973724366 6879.467237247169 1.3378255403113416e-05 2699 1824.7 52.354560450833695 34.85274223080491 2741
0.11570382118225098 6894.62559464049 1.67817410233549e-05 2707 2218.0 51.31276644267 43.22511050886519 2633
0.08598573207855224 6902.1998467678395 1.2457728548502927e-05 2711 1712.9 52.69724850502159 32.50454337927673 2777
0.11738030910491944 6905.985743781461 1.6996894210303763e-05 2713 2325.7 51.894122981316485 44.81625021078639 2693
0.07299339771270752 6917.338527474041 1.0552237312485852e-05 2719 1451.0 51.836280730777744 27.991977424770564 2687
0.17243025302886963 6936.243519864653 2.4859313623440125e-05 2729 3451.6 52.602281319349636 65.61692598549593 2767
0.1341624975204468 6940.022077861257 1.933171047804395e-05 2731 2693.8 51.6817182376902 52.12288004069258 2671
0.13850417137145996 6958.9027054407625 1.9903162500486116e-05 2741 2764.1 52.82991576748916 52.32073456571723 2791
0.14788367748260497 6973.992655999502 2.120502340296923e-05 2749 2895.5 51.44900387762624 56.279029364437775 2647
0.13212251663208008 6981.532796606915 1.8924571506173078e-05 2753 2620.0 52.354560450833695 50.04339598000157 2741
0.13083415031433104 7007.8980042189505 1.866952832868932e-05 2767 2584.4 52.602281319349636 49.130948985083926 2767
0.08382468223571778 7026.706314182714 1.1929441545966696e-05 2777 1659.4 52.354560450833695 31.695424156188782 2741
0.04810454845428467 7049.250046166523 6.824066126076003e-06 2789 954.6 53.65631370118525 17.791009746144997 2879
0.11903057098388672 7053.004561581298 1.6876576492274354e-05 2791 2374.4 52.08646657242167 45.58573764451088 2713
0.23871192932128907 7064.263367570758 3.379148212637728e-05 2797 4784.7 52.14403129793476 91.75930362310719 2719
0.12901477813720702 7071.765294928682 1.8243645363870652e-05 2801 2576.6 53.73081052803875 47.95386435973143 2887
0.19135456085205077 7075.515077684647 2.7044612123795883e-05 2803 3770.4 52.94336596779619 71.21572138600742 2803
0.12509713172912598 7105.4850880548465 1.7605713076427243e-05 2819 2453.0 53.39475629684998 45.94084082643739 2851
0.17740147113800048 7131.667837339941 2.4875172986767975e-05 2833 3545.7 53.094255809833136 66.7812354824141 2819
0.07497673034667969 7139.141627070092 1.050220520382787e-05 2837 1496.0 53.823786563191554 27.79440272645308 2897
0.14978394508361817 7150.346501968272 2.094778834038144e-05 2843 3018.0 53.73081052803875 56.16889025757567 2887
0.11245176792144776 7165.275518391662 1.5693990779951053e-05 2851 2253.2 54.00925846556311 41.71877311436639 2917
0.07958359718322754 7176.464191348978 1.1089527525151354e-05 2857 1593.3 52.88667128870941 30.126683362281263 2797
0.09475023746490478 7183.919464483313 1.3189212091441434e-05 2861 1902.1 54.378304497290095 34.979023667330225 2957
0.11249709129333496 7217.430307599173 1.5586862151600924e-05 2879 2246.0 53.2634959423431 42.16771656203829 2837
0.11427068710327148 7232.30420061432 1.5800038816614658e-05 2887 2279.3 54.00925846556311 42.20202359292355 2917
0.12001919746398926 7250.8795065194445 1.655236407612029e-05 2897 2388.2 53.48831648126533 44.649002943221895 2861
0.2012955904006958 7262.015621982149 2.7718969619312478e-05 2903 4011.1 54.101755978895916 74.13992258522357 2927
0.16505076885223388 7273.144957426124 2.2693177410648405e-05 2909 3267.7 54.76312628037227 59.66971248628625 2999
0.12441160678863525 7287.973554243162 1.7070809308329755e-05 2917 2477.7 53.823786563191554 46.033550558377534 2897
0.1819460391998291 7306.492454509174 2.4901967713323483e-05 2927 3611.6 53.823786563191554 67.10044444308686 2897
0.13600578308105468 7328.690531043271 1.8557992386901027e-05 2939 2695.2 54.378304497290095 49.56388443730005 2957
0.16762497425079345 7354.554533148797 2.2791995558026828e-05 2953 3317.8 54.981815175565096 60.343587955504425 3023
0.14220016002655028 7361.937599190007 1.9315588880051873e-05 2957 2814.8 53.9351462406472 52.1886042070037 2909
0.17676639556884766 7373.006675916417 2.3974804762654948e-05 2963 3507.8 54.506880299646575 64.35517829522055 2971
0.23666074275970458 7384.069140454464 3.205017968522691e-05 2969 4697.9 54.101755978895916 86.83451978587465 2927
0.21855378150939941 7387.755162090796 2.9583246427937505e-05 2971 4313.1 55.326304774492215 77.95749268959895 3061
0.050960874557495116 7439.282850885129 6.850240215215338e-06 2999 1006.6 54.981815175565096 18.30787137139392 3023
0.21814117431640626 7442.957951568619 2.9308398050325212e-05 3001 4345.2 54.00925846556311 80.45287277496222 2917
0.12167279720306397 7461.322617296305 1.630713526861991e-05 3011 2397.9 54.378304497290095 44.09663048835033 2957
0.0984616994857788 7476.001379944653 1.3170369356794815e-05 3019 1974.9 55.10898293381942 35.83626288969377 3037
0.11512961387634277 7483.336450842183 1.5384797226828678e-05 3023 2299.1 54.76312628037227 41.98262875331907 2999
0.1294551372528076 7508.986648665282 1.7240027624209212e-05 3037 2575.3 55.48873759602033 46.41121985418356 3079
0.16252248287200927 7516.3088527633145 2.162264564371368e-05 3041 3230.8 54.506880299646575 59.27325105085768 2971
0.1460937738418579 7530.9447257529555 1.9399129745604555e-05 3049 2895.7 55.10898293381942 52.54497263136677 3037
0.1134793758392334 7552.877265815863 1.5024655087782011e-05 3061 2230.9 56.24055476255546 39.66710515959058 3163
0.28179564476013186 7563.8339978674585 3.72556622527122e-05 3067 5539.8 55.48873759602033 99.83647565262534 3079
0.16022343635559083 7585.728462242866 2.1121694133013787e-05 3079 3169.7 55.380501984001555 57.234945268565276 3067
0.13893611431121827 7593.021003949161 1.8297870404804233e-05 3083 2722.7 54.78138369920935 49.70119073570053 3001
0.20648481845855712 7603.954569598473 2.7154925317953412e-05 3089 4112.3 55.326304774492215 74.3281160157283 3061
0.1019179105758667 7640.354495355571 1.3339421703249593e-05 3109 2042.6 54.872579673275794 37.224420870353086 3011
0.16717185974121093 7658.528451450557 2.182819595186695e-05 3119 3318.4 56.00892785976178 59.24769722978436 3137
0.09132537841796876 7662.161170873963 1.1919010365524847e-05 3121 1823.4 55.52476924760696 32.83939806879226 3083
0.13148183822631837 7691.19815578432 1.7095104763025096e-05 3137 2584.1 55.21775076911409 46.79835676040267 3049
0.15583724975585939 7738.289872386282 2.013846112329769e-05 3163 3079.3 56.293871780150276 54.70044789290526 3169
0.2056302547454834 7745.524551135348 2.6548267117085298e-05 3167 4119.6 55.86591089385369 73.740854379468 3121
0.17242987155914308 7749.140874661452 2.225148237051198e-05 3169 3417.6 56.64803615307419 60.33042329596333 3209
0.10649166107177735 7770.824626953698 1.3704036081628057e-05 3181 2117.1 56.27610505356603 37.61987433182969 3167
0.14541361331939698 7781.65740517041 1.8686714892225787e-05 3187 2905.2 56.4003546088143 51.51031443241977 3181
0.2259066343307495 7788.875897239111 2.9003753213069637e-05 3191 4501.0 56.45352070508977 79.72930552042959 3187
0.18329641819000245 7810.515290547116 2.3467903380439164e-05 3203 3635.4 56.293871780150276 64.57896543690701 3169
0.14140899181365968 7821.3259660224885 1.8079925632555218e-05 3209 2817.6 55.848008021772806 50.45121750629916 3119
0.08666107654571534 7835.730875726221 1.1059731111258149e-05 3217 1730.1 57.0350769263968 30.333964522090096 3253
0.19245433807373047 7842.929343625556 2.4538578589918097e-05 3221 3788.4 56.71860364994893 66.79289961686867 3217
0.204528284072876 7857.318325785262 2.6030291200202254e-05 3229 4065.0 56.27610505356603 72.23314399834099 3167
0.19101319313049317 7896.83358062903 2.4188580293631797e-05 3251 3822.6 57.7148161220323 66.23255962416111 3331
0.09236452579498292 7900.421932807075 1.1691087714117208e-05 3253 1830.9 56.64803615307419 32.320626174092716 3209
0.1634573221206665 7907.5966722617795 2.0670923024443204e-05 3257 3264.8 56.824290580701486 57.454302845424046 3229
0.18005013465881348 7911.183060527262 2.275893924856462e-05 3259 3591.7 57.0350769263968 62.97352775792786 3253
0.22979872226715087 7932.687680697153 2.896858309779761e-05 3271 4567.5 56.4889369699944 80.8565401474301 3191
0.16892127990722655 7982.774210782679 2.1160723759298774e-05 3299 3369.5 57.956880523368405 58.138049694400074 3359
0.11565928459167481 7986.346975003538 1.4482126177797775e-05 3301 2312.9 56.71860364994893 40.778507423676366 3217
0.1893920421600342 7997.061408942501 2.3682704492959325e-05 3307 3732.3 57.97413216254298 64.37871272545645 3361
0.15877113342285157 8007.770064836398 1.982713441286795e-05 3313 3168.8 57.0701322935211 55.524665401200394 3257
0.17065470218658446 8018.472955551454 2.128269349196153e-05 3319 3343.3 56.824290580701486 58.83575431974584 3229
0.13072583675384522 8025.60501948155 1.6288595867416617e-05 3323 2583.1 57.7148161220323 44.75627184773991 3331
0.16111886501312256 8036.298330017984 2.0048890471287668e-05 3329 3208.5 58.077534382926416 55.245113865288886 3373
0.12659711837768556 8039.861492654429 1.574618150988674e-05 3331 2512.1 57.087651904768336 44.0042621509569 3259
0.14790408611297606 8061.227122163338 1.834758950114831e-05 3343 2939.8 58.42088667591412 50.32104384701211 3413
0.30344107151031496 8068.343925588208 3.76088419518127e-05 3347 5925.8 58.077534382926416 102.03256840982667 3373
0.26754953861236574 8089.679168778856 3.3072948015656914e-05 3359 5191.0 58.36951259004995 88.93341351774268 3407
0.1429002046585083 8093.232835642606 1.7656751950737864e-05 3361 2845.2 57.7148161220323 49.29756674584398 3331
0.11476643085479736 8110.991739057119 1.4149494235354585e-05 3371 2198.5 57.0701322935211 38.5227773556359 3257
0.16707279682159423 8114.541636773984 2.05893079732863e-05 3373 3221.1 58.84725991921799 54.73661822864368 3463
0.1724714756011963 8142.918299695264 2.1180548453697585e-05 3389 3411.7 59.08468498688979 57.7425436178092 3491
0.1407834529876709 8146.462574530537 1.7281544191686654e-05 3391 2784.3 57.956880523368405 48.040887895568524 3359
0.11126368045806885 8174.794401209607 1.361057844361265e-05 3407 2194.1 59.15234568468101 37.09235829287185 3499
0.1289048433303833 8185.408612027643 1.5748125651414697e-05 3413 2537.3 58.06031346797914 43.701107494008745 3371
0.20309855937957763 8220.749240601754 2.4705602060757048e-05 3433 4021.3 58.84725991921799 68.33453257671133 3463
0.11505649089813233 8248.977576343683 1.3947969894849749e-05 3449 2287.5 59.64059020499378 38.3547512212323 3557
0.0978653907775879 8263.077098994017 1.1843698129054424e-05 3457 1937.9 58.23229344616267 33.2787854524679 3391
0.23812763690948485 8270.12321119427 2.879372299884966e-05 3461 4689.1 58.23229344616267 80.52404812692463 3391
0.20638432502746581 8273.645356528426 2.4944787470811232e-05 3463 4058.9 59.65735495309862 68.03687497025344 3559
0.10035872459411621 8280.687827823273 1.2119612124117147e-05 3467 1981.1 58.215118311311535 34.03067892786642 3389
0.20833494663238525 8284.2081546457 2.5148444213772337e-05 3469 4116.6 59.65735495309862 69.0040650182427 3559
0.20542259216308595 8322.891893471491 2.468163647832795e-05 3491 4051.5 58.7962583843564 68.90744600642752 3457
0.10395939350128174 8336.94065934858 1.2469729334669964e-05 3499 2053.3 59.941638282582836 34.2549863305392 3593
0.1764469861984253 8357.995848845487 2.1111159827005466e-05 3511 3482.1 59.388551085204966 58.63251310853195 3527
0.17731623649597167 8368.51538648523 2.118849381364935e-05 3517 3505.1 59.841457201508724 58.57310573499252 3581
0.16890208721160888 8386.036051763333 2.0140873014264447e-05 3527 3354.8 59.15234568468101 56.7145725358582 3499
0.24584851264953614 8389.538403944061 2.930417632202013e-05 3529 4824.7 59.253691868102194 81.42446230590505 3511
0.29386177062988283 8396.541330746606 3.499795440222684e-05 3533 5850.9 59.43904440685432 98.4352971752233 3533
0.24647393226623535 8407.041283249302 2.9317559407888827e-05 3539 4896.5 59.64059020499378 82.10012649388587 3557
0.26239428520202634 8410.540085678605 3.119826818836867e-05 3541 5171.5 59.388551085204966 87.07907341568968 3527
0.06349802017211914 8421.032953506068 7.540407515645923e-06 3547 1239.2 58.7962583843564 21.07617107026163 3457
0.2020021915435791 8438.509292919978 2.3938137001645732e-05 3557 4028.9 59.388551085204966 67.8396749269017 3527
0.15149905681610107 8442.002798432004 1.7945866689861807e-05 3559 3007.2 59.55669567731239 50.49306321985165 3547
0.11555678844451904 8462.951529040767 1.3654431086835826e-05 3571 2284.5 60.108235708594876 38.006439102210074 3613
0.22786996364593506 8480.392738641658 2.6870213522968748e-05 3581 4481.1 60.108235708594876 74.5505162008814 3613
0.14075868129730223 8483.879232748519 1.6591311290000613e-05 3583 2807.5 58.881236400062114 47.68072431300098 3467
0.13295180797576905 8501.30298624274 1.5638991833477614e-05 3593 2648.0 60.30754513325841 43.908270418715496 3637
0.14527697563171388 8525.671905908535 1.7039944444851644e-05 3607 2884.8 59.30430001273095 48.64402748840667 3517
0.18919408321380615 8536.107067194836 2.2163977293689186e-05 3613 3759.9 59.253691868102194 63.454274011642674 3511
0.21063663959503173 8543.060962128604 2.4655874578067993e-05 3617 4185.4 59.43904440685432 70.41499475246195 3533
0.12824857234954834 8553.487493493021 1.4993717176427994e-05 3623 2544.5 60.108235708594876 42.33196948810397 3613
0.1532372236251831 8567.381504468238 1.7886121161438143e-05 3631 3036.2 60.63827174318213 50.0706882422218 3677
0.39614965915679934 8577.796003203175 4.618315229330082e-05 3637 7824.9 60.753600716336145 128.79730432003757 3691
0.18979358673095703 8588.205362583556 2.2099330269608523e-05 3643 3774.6 60.108235708594876 62.796719209981234 3613
0.09468913078308105 8615.938607784032 1.098999599388215e-05 3659 1869.3 59.65735495309862 31.33394032419984 3559
0.2061631441116333 8636.714724988402 2.387055155534388e-05 3671 4089.2 60.489668539346454 67.60162683550027 3659
0.14862208366394042 8640.175433141969 1.7201280785787765e-05 3673 2946.6 59.941638282582836 49.157815575691224 3593
0.11955122947692871 8647.095157396727 1.38255942950581e-05 3677 2379.6 61.47357155721473 38.70931751192066 3779
0.19958927631378173 8671.296465408139 2.3017235901227775e-05 3691 3944.9 60.802960454241045 64.88006456476481 3697
0.20794861316680907 8681.660035764733 2.3952632596778675e-05 3697 4137.3 60.802960454241045 68.0443841729325 3697
0.2655048370361328 8688.566283900773 3.0557957246420773e-05 3701 5274.3 60.83584469702052 86.69724282234407 3701
0.17293934822082518 8702.372076556192 1.9872667670314417e-05 3709 3407.6 60.753600716336145 56.0888566244885 3691
